    1    2.01514474981    31.6329193733    -10
    2    104.500676751    67.1838945321    -10
    1    47.3927360596    2.00312737075    -10
    2    148.390937659    33.6398678697    -10
    1    82.3754059659    46.2177561836    -10
    2    193.966370848    2.00510432575    -10
    1    193.126452461    65.6059705211    -10
    2    24.2485870403    36.1797464882    -10
    1    299.258014734    29.5302164972    -10
    2    184.836999239    37.0492142409    -10
    1    199.127512782    52.1254647877    -10
    2    278.574422227    2.00693093811    -10
    1    312.101411913    2.00089295712    -10
    2    328.589861942    2.65963678569    -10
    1    519.406481656    20.3919412958    -10
    2    618.065259964    3.27204179954    -10
    1    579.590678126    37.5342731263    -10
    2    685.943202895    8.95905483371    -10
    1    994.617364289    57.8505842006    -10
    2    914.771108013    23.1478468836    -10
    1    122.605485118    77.8203072824    -10
    2    2.01853311187    105.570956726    -10
    1    143.205938906    102.004620795    -10
    2    3.53717074121    68.7077805282    -10
    1    21.7127265342    95.0188820891    -10
    2    177.353658611    84.3476507996    -10
    1    230.749612611    81.3043313985    -10
    2    97.6987762507    108.596902552    -10
    1    160.624932457    78.8722946004    -10
    2    249.318059346    79.8161692447    -10
    1    307.383925165    96.804575051    -10
    2    286.675785235    89.430414438    -10
    1    214.004757834    88.6469578409    -10
    2    351.357766129    83.0052676497    -10
    1    250.529901602    62.1135285017    -10
    2    322.653029385    54.4419727108    -10
    1    487.736713835    77.4412838995    -10
    2    462.99576375    58.9433145142    -10
    1    410.706694747    54.8059860037    -10
    2    520.768273434    122.758794928    -10
    1    550.258770973    54.0956475397    -10
    2    599.67780366    47.6213965281    -10
    1    635.787894013    154.640432677    -10
    2    750.841700661    38.3505833101    -10
    1    901.224027469    94.2541618037    -10
    2    841.415764419    79.7351718221    -10
    1    103.710587775    132.876558311    -10
    2    171.129425261    113.102058122    -10
    1    308.576062942    143.055553059    -10
    2    356.494141683    103.197872584    -10
    1    447.534086456    165.866778465    -10
    2    338.774168488    53.4499624166    -10
    1    422.988564552    144.711028625    -10
    2    597.510614543    93.2395346446    -10
    1    505.108790488    98.7219134427    -10
    2    616.190588096    122.306155422    -10
    1    537.387418989    120.26726987    -10
    2    736.954746159    137.529138136    -10
    1    726.079996319    137.647771369    -10
    2    549.574651328    152.788336121    -10
    1    721.191890085    165.589437574    -10
    2    658.34326129    133.553320974    -10
    1    765.990894784    104.852297272    -10
    2    687.746325716    125.473061927    -10
    1    199.465648851    169.077682604    -10
    2    87.2586010396    179.311309329    -10
    1    63.4394189059    176.795787454    -10
    2    195.936821159    130.372679293    -10
    1    146.93714056    194.084787603    -10
    2    290.283043901    169.605272359    -10
    1    146.608745662    171.43480901    -10
    2    264.449330131    166.567520221    -10
    1    190.410552955    159.583819708    -10
    2    290.639079365    157.140973928    -10
    1    260.641380223    187.421537924    -10
    2    317.394184867    186.157355665    -10
    1    168.321464471    136.113666805    -10
    2    341.736848274    172.365234878    -10
    1    421.521492685    172.324615854    -10
    2    330.222183179    161.61221198    -10
    1    711.02810152    175.387118765    -10
    2    762.272161398    125.062761062    -10
    1    817.488149953    142.896637636    -10
    2    734.746468287    171.736619633    -10
    1    174.201333629    215.521709708    -10
    2    112.647741151    220.024584285    -10
    1    121.02257301    240.788366049    -10
    2    246.371550837    249.682258688    -10
    1    146.004114117    222.77918896    -10
    2    313.895631694    229.760835445    -10
    1    297.352405321    255.785667288    -10
    2    216.016119734    211.977431087    -10
    1    411.362727359    247.038559594    -10
    2    484.383063468    218.844569748    -10
    1    641.506254865    212.334568158    -10
    2    720.867702328    245.205027827    -10
    1    749.331440776    214.243805097    -10
    2    634.06503692    239.718991999    -10
    1    790.276371381    240.979911873    -10
    2    633.539623551    165.965756813    -10
    1    667.410251537    253.152193539    -10
    2    818.00239806    244.130865775    -10
    1    782.186480981    257.888255105    -10
    2    895.12714897    237.423421903    -10
    1    954.219051617    224.962586078    -10
    2    892.443690868    231.690920285    -10
    1    2.00973782486    284.653930617    -10
    2    55.4538665492    338.404242373    -10
    1    343.417598199    282.423646467    -10
    2    224.334841275    271.345049879    -10
    1    375.07026378    293.269439292    -10
    2    317.74066068    296.621548357    -10
    1    398.33716202    291.140840332    -10
    2    266.509584056    248.524274019    -10
    1    390.52455144    280.648297665    -10
    2    516.746718146    294.562880706    -10
    1    635.117258948    282.932905505    -10
    2    419.159834622    256.952304476    -10
    1    734.048690807    320.433938748    -10
    2    525.467522923    206.629470698    -10
    1    825.702716203    218.315392344    -10
    2    659.521015971    285.86586653    -10
    1    834.905174877    294.298050504    -10
    2    749.60657976    285.48418221    -10
    1    822.2032549    312.380637572    -10
    2    754.205380141    281.328198472    -10
    1    914.169241392    276.826678621    -10
    2    854.783492321    270.677366459    -10
    1    854.991998737    276.113015249    -10
    2    922.480337954    292.848127552    -10
    1    881.76884691    246.039289068    -10
    2    925.653676573    266.535815279    -10
    1    83.1177964064    332.745928984    -10
    2    172.029344766    307.514997666    -10
    1    209.154054454    300.087096285    -10
    2    39.1389542065    304.285772688    -10
    1    252.95831765    346.604331274    -10
    2    328.184834219    340.913057181    -10
    1    681.273678493    310.526144759    -10
    2    601.67616468    299.612009065    -10
    1    772.717798771    327.776491687    -10
    2    648.647828416    356.590740427    -10
    1    745.854496595    357.469453757    -10
    2    676.532590437    342.216434083    -10
    1    831.754279692    325.24489386    -10
    2    938.368599176    310.268483725    -10
    1    59.7546336398    404.235560187    -10
    2    2.0094382726    396.887936044    -10
    1    71.601591569    391.552949538    -10
    2    251.559249793    387.684425297    -10
    1    160.614331735    359.275858453    -10
    2    296.658565431    344.447169786    -10
    1    252.863881641    320.37500281    -10
    2    173.3631852    408.687035148    -10
    1    216.249908198    379.967231741    -10
    2    304.763945071    376.594359334    -10
    1    425.083585726    404.088466468    -10
    2    224.047908521    383.197954154    -10
    1    247.653295511    390.216053325    -10
    2    391.062749315    346.420951646    -10
    1    362.125457306    383.307028466    -10
    2    482.786966525    348.770618608    -10
    1    740.715820499    343.737551515    -10
    2    672.419933917    358.201930221    -10
    1    769.004006114    353.730473389    -10
    2    868.88254015    357.846107068    -10
    1    42.6607585014    408.401668335    -10
    2    2.0063413118    419.135206554    -10
    1    54.2581220169    422.125004239    -10
    2    81.9760982473    405.549742351    -10
    1    145.007246206    385.895694007    -10
    2    274.344522288    430.956590961    -10
    1    188.173327481    414.10510068    -10
    2    276.627304485    420.912476814    -10
    1    208.454392254    419.538190521    -10
    2    295.302786683    423.421202739    -10
    1    364.805700961    437.360641154    -10
    2    289.144674272    378.577306509    -10
    1    372.450976567    427.25294884    -10
    2    455.955532937    441.055398791    -10
    1    726.117759629    451.153479434    -10
    2    532.755356961    428.865217566    -10
    1    922.197730483    427.778434907    -10
    2    873.43098028    435.451192988    -10
    1    944.307744677    423.294470723    -10
    2    997.992962803    408.290660791    -10
    1    229.035105323    466.191646503    -10
    2    290.36855208    470.303073002    -10
    1    514.412785004    491.495697912    -10
    2    484.047838947    500.44449984    -10
    1    602.751445381    478.248624911    -10
    2    484.410086328    439.483057992    -10
    1    693.710812628    437.153365781    -10
    2    768.671590876    470.025937787    -10
    1    859.865804077    486.02390983    -10
    2    752.567330189    498.956885357    -10
    1    969.436646824    470.378857595    -10
    2    823.279220114    473.220906504    -10
    1    880.842091605    478.769880807    -10
    2    839.388624394    480.244253944    -10
    1    241.638697601    527.093289505    -10
    2    143.067905505    476.323148386    -10
    1    161.228403448    547.845800347    -10
    2    220.296807039    527.452418496    -10
    1    678.810795014    538.002261818    -10
    2    742.559277449    513.39330727    -10
    1    875.35999739    514.814354186    -10
    2    763.877108478    501.204526303    -10
    1    805.58301999    542.081508988    -10
    2    885.751164576    526.152375074    -10
    1    940.948953721    543.035814525    -10
    2    812.060594523    507.422177778    -10
